CHANNEL  MODE    BW        MCS0  MCS1  MCS2  MCS3  MCS4  MCS5  MCS6  MCS7  MCS8  MCS9  MCS10  MCS11
   1     NOHT   20M  (gain)  31    31    31    28    31    31    31    28    27	   26    25    25
 (2412)  __HT   20M  (gain)  31    31    31    28    27    26    25    25
         __HT   40M  (gain)  31    31    31    28    27    26    25    25
   2     NOHT   20M  (gain)  31    31    31    28    31    31    31    28    27	   26    25    25
 (2417)  __HT   20M  (gain)  31    31    31    28    27    26    25    25
         __HT   40M  (gain)  31    31    31    28    27    26    25    25
   3     NOHT   20M  (gain)  31    31    31    28    31    31    31    28    27	   26    25    25
 (2422)  __HT   20M  (gain)  31    31    31    28    27    26    25    25
         __HT   40M  (gain)  31    31    31    28    27    26    25    25
   4     NOHT   20M  (gain)  31    31    31    28    31    31    31    28    27	   26    25    25
 (2427)  __HT   20M  (gain)  31    31    31    28    27    26    25    25
         __HT   40M  (gain)  31    31    31    28    27    26    25    25
   5     NOHT   20M  (gain)  31    31    31    28    31    31    31    28    27	   26    25    25
 (2432)  __HT   20M  (gain)  31    31    31    28    27    26    25    25
         __HT   40M  (gain)  31    31    31    28    27    26    25    25
   6     NOHT   20M  (gain)  31    31    31    28    31    31    31    28    27	   26    25    25
 (2437)  __HT   20M  (gain)  31    31    31    28    27    26    25    25
         __HT   40M  (gain)  31    31    31    28    27    26    25    25
   7     NOHT   20M  (gain)  31    31    31    28    31    31    31    28    27	   26    25    25
 (2442)  __HT   20M  (gain)  31    31    31    28    27    26    25    25
           HT   40M  (gain)  31    31    31    28    27    26    25    25
   8     NOHT   20M  (gain)  31    31    31    28    31    31    31    28    27	   26    25    25
 (2447)  __HT   20M  (gain)  31    31    31    28    27    26    25    25
         __HT   40M  (gain)  31    31    31    28    27    26    25    25
   9     NOHT   20M  (gain)  31    31    31    28    31    31    31    28    27	   26    25    25
 (2452)  __HT   20M  (gain)  31    31    31    28    27    26    25    25
         __HT   40M  (gain)  31    31    31    28    27    26    25    25
  10     NOHT   20M  (gain)  31    31    31    28    31    31    31    28    27	   26    25    25
 (2457)  __HT   20M  (gain)  31    31    31    28    27    26    25    25
         __HT   40M  (gain)  31    31    31    28    27    26    25    25
  11     NOHT   20M  (gain)  31    31    31    28    31    31    31    28    27	   26    25    25
 (2462)  __HT   20M  (gain)  31    31    31    28    27    26    25    25
         __HT   40M  (gain)  31    31    31    28    27    26    25    25
  12     NOHT   20M  (gain)  31    31    31    28    31    31    31    28    27	   26    25    25
 (2467)  __HT   20M  (gain)  31    31    31    28    27    26    25    25
         __HT   40M  (gain)  31    31    31    28    27    26    25    25
  13     NOHT   20M  (gain)  31    31    31    28    31    31    31    28    27	   26    25    25
 (2472)  __HT   20M  (gain)  31    31    31    28    27    26    25    25
         __HT   40M  (gain)  31    31    31    28    27    26    25    25

CHANNEL  MODE    BW        MCS0  MCS1  MCS2  MCS3  MCS4  MCS5  MCS6  MCS7  MCS8  MCS9
   36    NOHT   20M  (gain)  31    31    31    28    29    28    27    27
 (5180)  __HT   20M  (gain)  31    31    31    28    27    26    25    25
         __HT   40M  (gain)  31    31    31    28    27    26    25    25
         _VHT   20M  (gain)  31	   31    31    31    31    29    28    28    27
         _VHT   40M  (gain)  31    31    31    31    31    29    28    28    27    26
         _VHT   80M  (gain)  31    31    31    31    31    29    28    28    27    26
   40    NOHT   20M  (gain)  31    31    31    28    29    28    27    27
 (5200)  __HT   20M  (gain)  31    31    31    28    27    26    25    25
         __HT   40M  (gain)  31    31    31    28    27    26    25    25
         _VHT   20M  (gain)  31	   31    31    31    31    29    28    28    27
         _VHT   40M  (gain)  31    31    31    31    31    29    28    28    27    26
         _VHT   80M  (gain)  31    31    31    31    31    29    28    28    27    26
   44    NOHT   20M  (gain)  31    31    31    28    29    28    27    27
 (5220)  __HT   20M  (gain)  31    31    31    28    27    26    25    25
         __HT   40M  (gain)  31    31    31    28    27    26    25    25
         _VHT   20M  (gain)  31	   31    31    31    31    29    28    28    27
         _VHT   40M  (gain)  31    31    31    31    31    29    28    28    27    26
         _VHT   80M  (gain)  31    31    31    31    31    29    28    28    27    26
   48    NOHT   20M  (gain)  31    31    31    28    29    28    27    27
 (5240)  __HT   20M  (gain)  31    31    31    28    27    26    25    25
         __HT   40M  (gain)  31    31    31    28    27    26    25    25
         _VHT   20M  (gain)  31	   31    31    31    31    29    28    28    27
         _VHT   40M  (gain)  31    31    31    31    31    29    28    28    27    26
         _VHT   80M  (gain)  31    31    31    31    31    29    28    28    27    26
   52    NOHT   20M  (gain)  31    31    31    28    29    28    27    27
 (5260)  __HT   20M  (gain)  31    31    31    28    27    26    25    25
         __HT   40M  (gain)  31    31    31    28    27    26    25    25
         _VHT   20M  (gain)  31	   31    31    31    31    29    28    28    27
         _VHT   40M  (gain)  31    31    31    31    31    29    28    28    27    26
         _VHT   80M  (gain)  31    31    31    31    31    29    28    28    27    26
   56    NOHT   20M  (gain)  31    31    31    28    29    28    27    27
 (5280)  __HT   20M  (gain)  31    31    31    28    27    26    25    25
         __HT   40M  (gain)  31    31    31    28    27    26    25    25
         _VHT   20M  (gain)  31	   31    31    31    31    29    28    28    27
         _VHT   40M  (gain)  31    31    31    31    31    29    28    28    27    26
         _VHT   80M  (gain)  31    31    31    31    31    29    28    28    27    26
   60    NOHT   20M  (gain)  31    31    31    28    29    28    27    27
 (5300)  __HT   20M  (gain)  31    31    31    28    27    26    25    25
         __HT   40M  (gain)  31    31    31    28    27    26    25    25
         _VHT   20M  (gain)  31	   31    31    31    31    29    28    28    27
         _VHT   40M  (gain)  31    31    31    31    31    29    28    28    27    26
         _VHT   80M  (gain)  31    31    31    31    31    29    28    28    27    26
   64    NOHT   20M  (gain)  31    31    31    28    29    28    27    27
 (5320)  __HT   20M  (gain)  31    31    31    28    27    26    25    25
         __HT   40M  (gain)  31    31    31    28    27    26    25    25
         _VHT   20M  (gain)  31	   31    31    31    31    29    28    28    27
         _VHT   40M  (gain)  31    31    31    31    31    29    28    28    27    26
         _VHT   80M  (gain)  31    31    31    31    31    29    28    28    27    26
  100    NOHT   20M  (gain)  31    31    31    28    29    28    27    27
 (5500)  __HT   20M  (gain)  31    31    31    28    27    26    25    25
         __HT   40M  (gain)  31    31    31    28    27    26    25    25
         _VHT   20M  (gain)  31	   31    31    31    31    29    28    28    27
         _VHT   40M  (gain)  31    31    31    31    31    29    28    28    27    26
         _VHT   80M  (gain)  31    31    31    31    31    29    28    28    27    26
  104    NOHT   20M  (gain)  31    31    31    28    29    28    27    27
 (5520)  __HT   20M  (gain)  31    31    31    28    27    26    25    25
         __HT   40M  (gain)  31    31    31    28    27    26    25    25
         _VHT   20M  (gain)  31	   31    31    31    31    29    28    28    27
         _VHT   40M  (gain)  31    31    31    31    31    29    28    28    27    26
         _VHT   80M  (gain)  31    31    31    31    31    29    28    28    27    26
  108    NOHT   20M  (gain)  31    31    31    28    29    28    27    27
 (5540)  __HT   20M  (gain)  31    31    31    28    27    26    25    25
         __HT   40M  (gain)  31    31    31    28    27    26    25    25
         _VHT   20M  (gain)  31	   31    31    31    31    29    28    28    27
         _VHT   40M  (gain)  31    31    31    31    31    29    28    28    27    26
         _VHT   80M  (gain)  31    31    31    31    31    29    28    28    27    26
  112    NOHT   20M  (gain)  31    31    31    28    29    28    27    27
 (5560)  __HT   20M  (gain)  31    31    31    28    27    26    25    25
         __HT   40M  (gain)  31    31    31    28    27    26    25    25
         _VHT   20M  (gain)  31	   31    31    31    31    29    28    28    27
         _VHT   40M  (gain)  31    31    31    31    31    29    28    28    27    26
         _VHT   80M  (gain)  31    31    31    31    31    29    28    28    27    26
  116    NOHT   20M  (gain)  31    31    31    28    29    28    27    27
 (5580)  __HT   20M  (gain)  31    31    31    28    27    26    25    25
         __HT   40M  (gain)  31    31    31    28    27    26    25    25
         _VHT   20M  (gain)  31	   31    31    31    31    29    28    28    27
         _VHT   40M  (gain)  31    31    31    31    31    29    28    28    27    26
         _VHT   80M  (gain)  31    31    31    31    31    29    28    28    27    26
  120    NOHT   20M  (gain)  31    31    31    28    29    28    27    27
 (5600)  __HT   20M  (gain)  31    31    31    28    27    26    25    25
         __HT   40M  (gain)  31    31    31    28    27    26    25    25
         _VHT   20M  (gain)  31	   31    31    31    31    29    28    28    27
         _VHT   40M  (gain)  31    31    31    31    31    29    28    28    27    26
         _VHT   80M  (gain)  31    31    31    31    31    29    28    28    27    26
  124    NOHT   20M  (gain)  31    31    31    28    29    28    27    27
 (5620)  __HT   20M  (gain)  31    31    31    28    27    26    25    25
         __HT   40M  (gain)  31    31    31    28    27    26    25    25
         _VHT   20M  (gain)  31	   31    31    31    31    29    28    28    27
         _VHT   40M  (gain)  31    31    31    31    31    29    28    28    27    26
         _VHT   80M  (gain)  31    31    31    31    31    29    28    28    27    26
  128    NOHT   20M  (gain)  31    31    31    28    29    28    27    27
 (5640)  __HT   20M  (gain)  31    31    31    28    27    26    25    25
         __HT   40M  (gain)  31    31    31    28    27    26    25    25
         _VHT   20M  (gain)  31	   31    31    31    31    29    28    28    27
         _VHT   40M  (gain)  31    31    31    31    31    29    28    28    27    26
         _VHT   80M  (gain)  31    31    31    31    31    29    28    28    27    26
  132    NOHT   20M  (gain)  31    31    31    28    29    28    27    27
 (5660)  __HT   20M  (gain)  31    31    31    28    27    26    25    25
         __HT   40M  (gain)  31    31    31    28    27    26    25    25
         _VHT   20M  (gain)  31	   31    31    31    31    29    28    28    27
         _VHT   40M  (gain)  31    31    31    31    31    29    28    28    27    26
         _VHT   80M  (gain)  31    31    31    31    31    29    28    28    27    26
  136    NOHT   20M  (gain)  31    31    31    28    29    28    27    27
 (5680)  __HT   20M  (gain)  31    31    31    28    27    26    25    25
         __HT   40M  (gain)  31    31    31    28    27    26    25    25
         _VHT   20M  (gain)  31	   31    31    31    31    29    28    28    27
         _VHT   40M  (gain)  31    31    31    31    31    29    28    28    27    26
         _VHT   80M  (gain)  31    31    31    31    31    29    28    28    27    26
  140    NOHT   20M  (gain)  31    31    31    28    29    28    27    27
 (5700)  __HT   20M  (gain)  31    31    31    28    27    26    25    25
         __HT   40M  (gain)  31    31    31    28    27    26    25    25
         _VHT   20M  (gain)  31	   31    31    31    31    29    28    28    27
         _VHT   40M  (gain)  31    31    31    31    31    29    28    28    27    26
         _VHT   80M  (gain)  31    31    31    31    31    29    28    28    27    26
  144    NOHT   20M  (gain)  31    31    31    28    29    28    27    27
 (5720)  __HT   20M  (gain)  31    31    31    28    27    26    25    25
         __HT   40M  (gain)  31    31    31    28    27    26    25    25
         _VHT   20M  (gain)  31	   31    31    31    31    29    28    28    27
         _VHT   40M  (gain)  31    31    31    31    31    29    28    28    27    26
         _VHT   80M  (gain)  31    31    31    31    31    29    28    28    27    26
  149    NOHT   20M  (gain)  31    31    31    28    29    28    27    27
 (5745)  __HT   20M  (gain)  31    31    31    28    27    26    25    25
         __HT   40M  (gain)  31    31    31    28    27    26    25    25
         _VHT   20M  (gain)  31	   31    31    31    31    29    28    28    27
         _VHT   40M  (gain)  31    31    31    31    31    29    28    28    27    26
         _VHT   80M  (gain)  31    31    31    31    31    29    28    28    27    26
  153    NOHT   20M  (gain)  31    31    31    28    29    28    27    27
 (5765)  __HT   20M  (gain)  31    31    31    28    27    26    25    25
         __HT   40M  (gain)  31    31    31    28    27    26    25    25
         _VHT   20M  (gain)  31	   31    31    31    31    29    28    28    27
         _VHT   40M  (gain)  31    31    31    31    31    29    28    28    27    26
         _VHT   80M  (gain)  31    31    31    31    31    29    28    28    27    26
  157    NOHT   20M  (gain)  31    31    31    28    29    28    27    27
 (5785)  __HT   20M  (gain)  31    31    31    28    27    26    25    25
         __HT   40M  (gain)  31    31    31    28    27    26    25    25
         _VHT   20M  (gain)  31	   31    31    31    31    29    28    28    27
         _VHT   40M  (gain)  31    31    31    31    31    29    28    28    27    26
         _VHT   80M  (gain)  31    31    31    31    31    29    28    28    27    26
  161    NOHT   20M  (gain)  31    31    31    28    29    28    27    27
 (5805)  __HT   20M  (gain)  31    31    31    28    27    26    25    25
         __HT   40M  (gain)  31    31    31    28    27    26    25    25
         _VHT   20M  (gain)  31	   31    31    31    31    29    28    28    27
         _VHT   40M  (gain)  31    31    31    31    31    29    28    28    27    26
         _VHT   80M  (gain)  31    31    31    31    31    29    28    28    27    26
  165    NOHT   20M  (gain)  31    31    31    28    29    28    27    27
 (5825)  __HT   20M  (gain)  31    31    31    28    27    26    25    25
         __HT   40M  (gain)  31    31    31    28    27    26    25    25
         _VHT   20M  (gain)  31	   31    31    31    31    29    28    28    27
         _VHT   40M  (gain)  31    31    31    31    31    29    28    28    27    26
         _VHT   80M  (gain)  31    31    31    31    31    29    28    28    27    26
