1 7000 ## 1 for enable irom patch, 0 for disable; patch_addr in hex

1 1 0 bc000050 0 0 0

##realtek switch
2 1 3 5 0 0 7d0##phy mode
30 40 1 0 708c 7230 70fc##phy addr = 0
0 0 e 1f 0 0 0
0 0 -1 17 0 0 0
0 0 1 15 0 0 0
0 1 0 19 1 0 0
0 0 e 1f 0 0 0
0 0 -1 17 0 0 0
0 0 -2 18 0 0 0
0 1 3 15 0 0 0
0 0 3f7 1 2 0 0
0 0 1d11 6 2 0 0
0 0 1d11 b 2 0 0
0 0 1305 f0 3 0 1
0 0 1d41 0 4 0 0
0 0 1d11 a 2 0 1
0 0 1d11 180 3 0 2
0 0 1d11 9 2 0 1
0 0 1d11 d 2 0 1
0 0 1d11 e 2 0 1
0 1 1311 1076 5 0 0
0 0 1d15 fc0 3 0 29
0 1 201a 5 4 0 0

##intel switch
2 1 3 5 0 0 7d0##phy mode
30 40 1 0 0 7054 0##phy addr = 0
0 0 -1 1f 0 0 0
0 1 0 0 1 0 0
1 1 e900 c 7 0 0


#ip1707 switch
2 1 3 5 0 0 0x7d0
0x60 0x10 1 1f 7038 78dc 78c0
0 1	0 16 1 0 0
0 0	0x1c0 0x1f 0 0 0
0 0	0x3c 0x7 0 0 0
0 0	0x8e00 0x10	0 0	0
0 0	0x94 0x1f 0 0 0
0 0	0 0x4 1	0 0
0 0	0	0x10	1	0	0
0 0	0x1c0 0x1f 0 0  0
0 0	0 0x7 0 0 0
0 0	0x8e04	0x10	0	0  0
0 0	0x94	0x1f	0	0  0
0 0	0	0x4	1	0	0
0 0	0	0x10	1	0	0
0 0	0x1c0	0x1f	0	0  0
0 0	0x3c	0x7	0	0  0
0 0	0x8e10	0x10	0	0  0
0 0	0x94	0x1f	0	0  0
0 0	0	0x4	1	0	0
0 0	0	0x10	1	0	0
0 0	0x1c0	0x1f	0	0  0
0 0	0	0x7	0	0	0
0 0	0x8e14	0x10	0	0  0
0 0	0x94	0x1f	0	0  0
0 0	0	0x4	1	0	0
0 0	0	0x10	1	0	0
0 0	0x1c0	0x1f	0	0  0
0 0	0x3c	0x7	0	0  0
0 0	0x8e20	0x10	0	0  0
0 0	0x94	0x1f	0	0  0
0 0	0	0x4	1	0	0
0 0	0	0x10	1	0	0
0 0	0x1c0	0x1f	0	0  0
0 0	0	0x7	0	0	0
0 0	0x8e24	0x10	0	0  0
0 0	0x94	0x1f	0	0  0
0 0	0	0x4	1	0	0
0 0	0	0x10	1	0	0
0 0	0x1c0	0x1f	0	0  0
0 0	0x3c	0x7	0	0  0
0 0	0x8e30	0x10	0	0  0
0 0	0x94	0x1f	0	0  0
0 0	0	0x4	1	0	0
0 0	0	0x10	1	0	0
0 0	0x1c0	0x1f  0	0  0
0 0	0	0x7	0	0	0
0 0	0x8e34	0x10  0	0  0
0 0	0x94	0x1f  0	0  0
0 0	0	0x4	1	0	0
0 0	0	0x10	1	0	0
0 0	0x1c0	0x1f  0	0  0
0 0	0x3c	0x7   0	0  0
0 0	0x8e40	0x10  0	0  0
0 0	0x94	0x1f  0	0  0
0 0	0	0x4	1	0	0
0 0	0	0x10	1	0	0
0 0	0x1c0	0x1f  0	0  0
0 0	0	0x7	0	0	0
0 0	0x8e44	0x10  0	0  0
0 0	0x94	0x1f  0	0  0
0 0	0	0x4	1	0	0
0 0	0	0x10	1	0	0
0 0	0x1e0	0x1f  0	0  0
0 0	0x7faf	0x1   0	0  0
0 0	0x101	0x10  0	0  0
0 0	0x94	0x1f  0	0  0
0 0	0	0x4	1	0	0
0 0	0	0x10	1	0	0
0 0	0x1e0	0x1f  0	0  0
0 0	0	0xc	0	0	0
0 0	0	0x10	0	0	0
0 0	0x94	0x1f  0	0  0
0 0	0	0x4	1	0	0
0 0	0	0x10	1	0	0
0 0	0xd4	0x1f  0	0  0
0 0	0xe33b	0	0	0	0
0 0	0x5	0x10  0	0  0
0 0	0x94	0x1f  0	0  0
0 0	0	0x4	1	0	0
0 1	0	0x10	1	0	0
0 1	0	0x10	5	0	0
4 1	0	0x10	7	0	0
